<?xml version="1.0"?>
<opencv_storage>
<n_o_image>7</n_o_image>
<img0_jpg type_id="opencv-matrix">
  <rows>12</rows>
  <cols>20</cols>
  <dt>"3u"</dt>
  <data>
    116 33 31 120 37 35 117 29 29 93 5 5 97 11 11 96 13 12 93 11 10 97
    20 18 106 32 28 92 15 12 125 38 34 98 3 0 169 67 68 255 166 166 118
    35 34 112 38 38 95 25 26 86 15 18 101 24 27 122 43 46 148 78 71 142
    70 63 145 71 67 138 61 58 151 77 73 133 59 57 138 64 62 154 81 77
    156 82 78 155 74 71 168 81 77 168 73 70 205 105 105 255 166 166 218
    130 130 190 110 111 164 89 91 163 90 92 198 123 125 194 120 120 154
    110 97 144 99 86 163 110 100 172 117 108 179 130 120 163 114 106 153
    98 91 162 98 93 165 86 83 191 104 100 219 127 126 242 149 148 193 94
    96 135 36 38 139 37 42 133 38 42 160 77 79 187 113 111 181 112 109
    181 114 111 158 126 107 157 123 107 152 111 96 156 112 99 160 118
    105 177 131 120 174 116 110 181 110 106 189 105 100 189 96 93 191 98
    97 138 42 42 98 0 1 104 3 5 110 4 10 103 1 6 125 35 35 198 121 118
    175 109 104 169 110 101 174 141 121 197 162 142 184 144 126 181 136
    122 196 146 134 192 131 121 189 111 105 156 67 63 214 119 116 255
    176 173 137 39 39 109 11 11 125 20 23 118 13 16 117 14 19 104 4 9
    103 10 9 177 96 91 208 146 136 169 117 105 184 153 130 189 154 134
    183 140 123 210 158 145 232 167 158 196 121 113 129 36 33 120 20 18
    119 18 16 133 32 30 115 15 15 110 10 10 124 17 20 113 7 13 106 3 10
    112 15 19 101 5 5 119 38 31 183 122 112 150 101 87 168 144 122 161
    128 108 184 133 117 203 137 126 184 104 97 114 23 19 112 12 12 112 8
    9 114 12 13 102 0 1 109 9 9 115 13 14 120 15 18 111 5 11 110 7 14
    111 14 18 99 3 3 101 17 11 162 101 91 204 155 141 141 120 99 173 140
    121 172 112 100 122 42 35 95 4 0 110 12 12 106 6 6 112 12 12 113 13
    13 109 11 11 111 13 13 112 11 13 113 10 13 113 10 15 116 13 20 104 4
    9 105 5 5 99 10 6 122 55 46 200 144 133 140 116 98 179 140 126 132
    60 53 95 5 4 102 5 7 109 12 14 98 8 8 102 12 12 102 9 10 104 10 11
    109 15 16 107 10 12 107 8 10 113 12 14 111 9 14 111 8 13 113 8 11
    104 6 6 93 12 9 165 93 86 204 170 157 146 97 87 86 5 2 98 1 3 104 2
    7 102 5 9 107 15 20 100 13 16 110 19 22 116 23 24 123 29 30 117 20
    22 113 14 16 116 17 19 113 13 18 113 11 16 113 10 15 118 19 21 116
    30 30 175 98 95 206 157 149 123 60 56 95 7 7 112 10 15 108 4 11 119
    16 23 109 13 20 106 12 17 104 10 15 110 16 20 120 25 29 115 18 22
    111 12 14 110 13 15 108 14 18 112 18 22 109 14 18 120 29 32 128 45
    47 176 101 99 174 116 111 177 108 105 123 32 35 127 25 30 133 26 35
    121 16 25 121 22 30 114 18 25 111 17 22 114 20 25 125 28 32 122 25
    29 116 17 19 110 16 17 111 20 23 122 35 38 125 33 38 118 31 35 110
    30 31 141 65 66</data></img0_jpg>
<img1_jpg type_id="opencv-matrix">
  <rows>20</rows>
  <cols>20</cols>
  <dt>"3u"</dt>
  <data>
    251 255 255 248 253 252 251 255 255 253 255 255 255 255 254 253 251
    250 255 253 252 255 255 254 253 254 252 254 255 253 255 255 254 251
    252 250 255 255 255 255 255 255 249 251 251 249 251 251 255 253 255
    254 249 251 255 253 255 253 244 247 252 252 252 253 255 255 249 251
    251 251 251 251 255 253 252 255 255 254 255 252 252 255 254 254 255
    253 254 255 251 252 255 253 254 255 253 254 255 250 250 255 251 251
    255 254 255 255 255 255 249 247 247 254 252 252 255 250 251 255 254
    255 255 252 255 255 252 254 255 253 254 255 254 255 255 254 253 255
    254 254 255 253 252 255 249 249 255 242 244 255 229 232 255 225 229
    255 213 216 255 229 231 255 235 235 255 253 254 255 249 249 255 255
    254 248 249 247 255 255 254 255 255 254 255 253 255 255 249 250 255
    254 255 255 251 251 255 252 253 255 243 244 255 224 227 242 180 186
    201 128 136 220 143 150 243 166 174 229 157 163 230 166 172 242 192
    194 248 211 213 255 231 231 255 253 251 255 254 251 253 248 247 255
    254 253 255 253 254 255 254 255 255 251 252 255 250 251 255 244 249
    242 174 181 210 114 125 206 98 110 218 108 120 238 133 142 248 151
    161 244 154 160 245 159 167 230 154 158 255 197 202 243 188 191 243
    199 200 255 251 252 255 252 252 255 253 252 255 250 251 255 253 253
    255 253 254 255 235 237 231 161 168 199 102 112 218 97 111 246 118
    130 244 124 135 253 141 151 255 153 162 255 160 167 248 158 164 249
    169 174 255 196 199 255 217 219 152 86 91 255 214 218 255 253 254
    255 254 253 255 252 253 255 252 252 255 225 228 241 168 176 200 95
    108 217 96 110 246 121 136 248 128 139 247 140 149 252 154 160 255
    162 168 251 164 168 249 173 177 247 184 186 253 207 206 255 243 243
    125 47 54 183 110 118 255 248 251 255 253 254 255 250 252 236 187
    189 168 95 103 168 75 84 216 102 115 253 131 142 255 145 156 255 155
    165 255 158 164 255 167 172 255 174 178 255 183 185 242 179 181 248
    200 199 248 217 214 255 247 246 156 74 79 95 12 20 252 208 214 255
    250 252 255 197 202 217 143 147 96 7 16 116 17 25 146 43 51 181 76
    85 237 132 141 255 170 176 255 169 176 255 178 183 249 180 183 245
    187 188 240 190 192 250 210 211 254 226 225 255 239 237 137 60 64 88
    6 11 184 124 130 255 248 251 255 182 187 248 164 169 104 18 24 97 9
    15 99 9 15 109 16 23 142 46 52 165 69 75 239 146 153 255 203 208 255
    215 218 255 219 220 255 217 220 255 211 212 255 247 247 255 212 211
    113 36 39 98 13 17 139 65 69 255 225 230 94 14 21 153 76 83 228 163
    165 227 162 164 137 61 65 98 12 18 102 6 13 111 10 18 108 7 15 143
    44 52 198 107 116 245 165 172 255 225 230 255 235 238 255 243 248
    217 152 154 93 13 14 106 18 18 108 19 22 255 187 192 211 151 157 255
    215 218 255 250 251 255 250 251 255 224 227 163 96 99 90 8 13 103 8
    15 117 16 24 108 5 13 104 5 15 105 12 21 103 23 30 150 73 80 162 83
    92 122 40 45 99 10 13 108 14 15 102 5 9 250 153 157 255 252 253 255
    253 254 255 249 250 255 245 244 255 251 250 255 250 250 238 181 184
    135 57 64 91 0 5 119 17 28 119 18 26 116 17 25 116 17 27 106 7 17
    105 8 18 100 1 9 126 24 29 123 22 24 100 3 7 228 132 138 246 248 249
    253 255 255 253 251 251 255 255 254 254 249 248 255 249 247 255 248
    249 255 239 241 214 147 152 104 26 33 89 3 9 117 22 29 115 10 19 119
    12 21 121 13 25 119 14 23 121 15 22 118 16 21 93 1 6 236 148 154 255
    254 255 252 251 253 254 253 255 255 254 254 255 254 255 255 253 253
    255 251 249 255 251 249 255 242 240 255 231 231 195 138 139 110 33
    37 113 17 24 108 4 11 108 3 12 123 18 27 122 19 27 102 7 14 109 29
    36 253 179 185 255 253 255 251 250 252 253 255 255 252 251 253 255
    252 253 255 253 254 255 253 252 254 255 251 255 255 252 255 253 250
    255 252 251 255 235 237 226 157 160 172 92 97 116 36 41 85 2 10 94 9
    17 80 3 11 169 107 113 255 247 252 255 254 255 253 255 255 255 255
    255 255 255 255 255 255 255 255 255 255 255 255 255 255 255 254 254
    255 253 255 255 254 255 254 254 255 249 250 255 251 254 255 250 253
    254 221 225 216 176 181 154 106 112 200 152 158 255 238 242 255 251
    254 253 255 255 253 255 255 255 255 255 255 255 255 255 255 255 255
    255 255 255 255 255 255 255 255 252 252 252 253 253 253 255 255 255
    255 255 255 255 254 255 255 251 252 255 254 255 255 251 253 255 247
    251 255 243 248 255 252 255 255 245 248 253 255 255 253 255 255 255
    255 255 255 255 255 255 255 255 255 255 255 255 255 255 255 255 255
    253 255 255 253 255 255 255 255 255 255 255 255 255 254 255 255 250
    251 255 254 255 255 251 253 255 251 254 255 252 255 255 249 251 255
    252 254 253 255 255 253 255 255 255 255 255 255 255 255 255 255 255
    255 255 255 255 255 255 255 255 255 249 251 251 252 254 254 255 255
    255 255 253 253 255 253 254 255 253 254 255 254 255 255 249 251 255
    247 250 255 252 255 255 250 252 255 254 255</data></img1_jpg>
